alpha,dist_total,time_total,resource_total,solve_time
0 , 20 , 20 , 15 , 0.0625
0.05 , 20 , 20 , 15 , 0.09375
0.1 , 20 , 20 , 15 , 0.125
0.15 , 20 , 20 , 15 , 0.15625
0.2 , 20 , 20 , 15 , 0.171875
0.25 , 20 , 20 , 15 , 0.203125
0.3 , 20 , 20 , 15 , 0.234375
0.35 , 20 , 20 , 15 , 0.28125
0.4 , 20 , 20 , 15 , 0.3125
0.45 , 20 , 20 , 15 , 0.34375
0.5 , 20 , 20 , 15 , 0.375
0.55 , 19 , 21 , 15 , 0.390625
0.6 , 19 , 21 , 15 , 0.453125
0.65 , 19 , 21 , 15 , 0.484375
0.7 , 19 , 21 , 15 , 0.515625
0.75 , 19 , 21 , 15 , 0.546875
0.8 , 19 , 21 , 15 , 0.578125
0.85 , 19 , 21 , 15 , 0.609375
0.9 , 19 , 21 , 15 , 0.640625
0.95 , 19 , 21 , 15 , 0.671875
1 , 19 , 23 , 14 , 0.703125
