alpha,dist_total,time_total,resource_total,solve_time
0 , 176.60000000000002 , 229.49999999999997 , 42.199999999999996 , 0.03125
0.05 , 176.60000000000002 , 229.49999999999997 , 42.199999999999996 , 0.0625
0.1 , 176.60000000000002 , 229.49999999999997 , 42.199999999999996 , 0.09375
0.15 , 176.60000000000002 , 229.49999999999997 , 42.199999999999996 , 0.125
0.2 , 176.60000000000002 , 229.49999999999997 , 42.199999999999996 , 0.171875
0.25 , 176.60000000000002 , 229.49999999999997 , 42.199999999999996 , 0.21875
0.3 , 176.60000000000002 , 229.49999999999997 , 42.199999999999996 , 0.25
0.35 , 176.60000000000002 , 229.49999999999997 , 42.199999999999996 , 0.296875
0.4 , 176.60000000000002 , 229.49999999999997 , 42.199999999999996 , 0.3125
0.45 , 176.60000000000002 , 229.49999999999997 , 42.199999999999996 , 0.34375
0.5 , 176.60000000000002 , 229.49999999999997 , 42.199999999999996 , 0.359375
0.55 , 176.60000000000002 , 229.49999999999997 , 42.199999999999996 , 0.40625
0.6 , 176.60000000000002 , 229.49999999999997 , 42.199999999999996 , 0.46875
0.65 , 176.60000000000002 , 229.49999999999997 , 42.199999999999996 , 0.5
0.7 , 176.60000000000002 , 229.49999999999997 , 42.199999999999996 , 0.53125
0.75 , 176.60000000000002 , 229.49999999999997 , 42.199999999999996 , 0.578125
0.8 , 176.60000000000002 , 229.49999999999997 , 42.199999999999996 , 0.65625
0.85 , 176.60000000000002 , 229.49999999999997 , 42.199999999999996 , 0.734375
0.9 , 176.60000000000002 , 229.49999999999997 , 42.199999999999996 , 0.78125
0.95 , 176.60000000000002 , 229.49999999999997 , 42.199999999999996 , 0.84375
1 , 176.60000000000002 , 229.49999999999997 , 42.199999999999996 , 0.875
