alpha,dist_total,time_total,resource_total,solve_time
0 , 26 , 26 , 18 , 0.03125
0.05 , 26 , 26 , 18 , 0.09375
0.1 , 26 , 26 , 18 , 0.125
0.15 , 26 , 26 , 18 , 0.171875
0.2 , 26 , 26 , 18 , 0.203125
0.25 , 26 , 26 , 18 , 0.234375
0.3 , 26 , 26 , 18 , 0.265625
0.35 , 26 , 26 , 18 , 0.296875
0.4 , 26 , 26 , 18 , 0.34375
0.45 , 26 , 26 , 18 , 0.375
0.5 , 26 , 26 , 18 , 0.421875
0.55 , 25 , 27 , 18 , 0.453125
0.6 , 25 , 27 , 18 , 0.484375
0.65 , 25 , 27 , 18 , 0.515625
0.7 , 25 , 27 , 18 , 0.546875
0.75 , 25 , 27 , 18 , 0.578125
0.8 , 25 , 27 , 18 , 0.671875
0.85 , 25 , 27 , 18 , 0.71875
0.9 , 25 , 27 , 18 , 0.75
0.95 , 25 , 27 , 18 , 0.8125
1 , 25 , 27 , 18 , 0.84375
